attribute_means:
  area_gages2: 477.2376271186441
  aridity: 0.9738483237395337
  carbonate_rocks_frac: 0.12765520210330902
  clay_frac: 20.364762937719206
  elev_mean: 728.0364218455743
  frac_forest: 0.6665877589453859
  frac_snow: 0.1739066705321371
  geol_permeability: -13.94927570621469
  gvf_diff: 0.3333465879997043
  gvf_max: 0.7406071166056095
  high_prec_dur: 1.3366068671990068
  high_prec_freq: 20.80225988700565
  lai_diff: 2.5575539919469894
  lai_max: 3.338727284241188
  low_prec_dur: 5.6039276133210185
  low_prec_freq: 251.83474576271186
  max_water_content: 0.5308235232377105
  p_mean: 3.3940368166168464
  pet_mean: 2.7699391292357896
  sand_frac: 36.09920885000754
  silt_frac: 34.77536146479991
  slope_mean: 46.185522467043306
  soil_conductivity: 1.6578373700435987
  soil_depth_pelletier: 10.307206608611155
  soil_depth_statsgo: 1.295058160463927
  soil_porosity: 0.4425870926995773
attribute_stds:
  area_gages2: 472.92402020016215
  aridity: 0.5126259538316915
  carbonate_rocks_frac: 0.27195639382681586
  clay_frac: 9.307521735052413
  elev_mean: 787.7734986702541
  frac_forest: 0.36171966803880085
  frac_snow: 0.20150397696226932
  geol_permeability: 1.1831705016898773
  gvf_diff: 0.14843350953125062
  gvf_max: 0.15467964378767537
  high_prec_dur: 0.18958267953946054
  high_prec_freq: 4.419073643243206
  lai_diff: 1.3167618577710098
  lai_max: 1.475663184369183
  low_prec_dur: 2.545379652365884
  low_prec_freq: 33.6418299100895
  max_water_content: 0.13914944341979096
  p_mean: 1.3677675750855731
  pet_mean: 0.544516892395299
  sand_frac: 15.744566521752164
  silt_frac: 13.260004436079383
  slope_mean: 47.26115036635144
  soil_conductivity: 1.3312856279853131
  soil_depth_pelletier: 16.053719965744097
  soil_depth_statsgo: 0.2581444892121885
  soil_porosity: 0.021255007841641877
xarray_feature_scale:
  coords: {}
  attrs: {}
  dims: {}
  data_vars:
    PRCP(mm/day)_nldas:
      dims: []
      attrs: {}
      data: 7.938757419586182
    QObs(mm/d):
      dims: []
      attrs: {}
      data: 3.6244070529937744
    prcp(mm/day)_daymet:
      dims: []
      attrs: {}
      data: 7.948117256164551
    srad(W/m2)_daymet:
      dims: []
      attrs: {}
      data: 130.66531372070312
    tmax(C)_daymet:
      dims: []
      attrs: {}
      data: 10.940018653869629
    tmin(C)_daymet:
      dims: []
      attrs: {}
      data: 9.945054054260254
    vp(Pa)_daymet:
      dims: []
      attrs: {}
      data: 658.8726806640625
xarray_feature_center:
  coords: {}
  attrs: {}
  dims: {}
  data_vars:
    PRCP(mm/day)_nldas:
      dims: []
      attrs: {}
      data: 3.0865468978881836
    QObs(mm/d):
      dims: []
      attrs: {}
      data: 1.5002620220184326
    prcp(mm/day)_daymet:
      dims: []
      attrs: {}
      data: 3.3132050037384033
    srad(W/m2)_daymet:
      dims: []
      attrs: {}
      data: 339.0797424316406
    tmax(C)_daymet:
      dims: []
      attrs: {}
      data: 16.791545867919922
    tmin(C)_daymet:
      dims: []
      attrs: {}
      data: 4.580076217651367
    vp(Pa)_daymet:
      dims: []
      attrs: {}
      data: 977.3875732421875
